Email Address
Thor_Antired@waterdogs.com
Puffy_Duneedacone@waterdogs.com
Kitan_Kapoodle@waterdogs.com
Fetchn_Retriever@waterdogs.com
